0.102251 -0.251234 0.0164062 0.414639 -0.245933 0.389663 0.236914 0.647953 0.391628 -0.179962 -1.30156 0.149198 -0.440869 0.0194493 0.592233 0.37288 -0.142714 0.13714 -0.118669 -0.150071 -0.0454421 -0.599942 -0.191451 0.130115 -0.461918 -0.133896 -0.0067263 -0.121153 -0.117596 0.100533 0.166209 0.807508
0.231276 0.0621466 -0.0284129 0.155202 -0.0945709 0.279741 0.477267 0.671861 0.70737 -0.0177671 -1.29087 0.0749941 -0.187813 0.0733385 0.541822 0.284832 -0.571665 -0.164756 -0.143116 -0.0807761 0.0308393 -1.0384 -0.209793 -0.0772234 -0.0400734 0.272857 0.170386 0.146165 -0.134944 0.0426614 -0.194322 0.89108
0.245006 0.224012 0.166279 0.146232 -0.218183 0.222887 0.544236 0.762112 0.302116 0.0372029 -1.3179 0.258676 -0.605233 0.0808583 0.836878 0.431141 -0.216857 0.0111618 0.00181028 -0.0938624 0.00904532 -0.834573 -0.263857 0.13845 -0.38958 0.316588 0.138107 0.00725065 -0.158708 0.105851 0.223891 0.811547
0.0968175 -0.0296495 -0.157785 0.145904 -0.118127 0.347943 0.334899 0.941655 0.393137 0.0827376 -1.253 0.14895 -0.43885 -0.00754101 0.953894 0.275591 -0.424893 -0.0296957 -0.0801029 -0.0796322 -0.0333672 -1.09866 -0.350097 0.0836835 -0.223412 0.0324774 0.373115 -0.129381 -0.119509 -0.176579 -0.115315 0.895852
0.0390595 -0.0599635 0.223332 0.195069 -0.281784 0.365762 0.439288 1.15817 0.678784 -0.0911855 -1.23338 0.0898829 -0.40075 0.0692853 0.733369 0.210795 -0.231179 0.0346098 -0.142836 -0.182835 0.185514 -0.887388 -0.123273 0.187007 -0.557262 -0.101707 0.212166 -0.355188 -0.0686356 0.0804107 0.019742 0.873445
-0.0535883 0.247748 -0.00712852 0.134226 -0.448921 0.245169 0.109922 0.769313 0.539376 -0.113181 -1.46733 -0.199954 -0.386486 0.0475513 0.43613 0.249949 -0.565534 -0.227829 -0.0900643 0.0756423 0.255933 -0.88226 0.055909 -0.220847 0.167842 0.370982 0.15311 -0.360893 -0.221624 0.199613 0.000468819 0.787894
0.184885 0.194768 -0.175542 0.198432 -0.365653 0.0954384 0.533502 0.770656 0.432728 -0.0904145 -1.46384 0.24553 -0.267274 0.0216482 0.601453 0.433249 -0.75285 -0.104985 -0.120554 -0.10383 -0.0297101 -0.925828 -0.429314 0.0395047 -0.331325 0.314809 0.0550312 -0.0301767 -0.0903342 0.112137 0.101398 0.836874
0.00746639 0.287104 0.106051 -0.0311888 -0.182908 0.426423 0.351152 0.826602 0.405462 -0.0891607 -1.34722 0.0449984 -0.327194 -0.239336 0.834311 0.309583 -0.472994 0.0472034 0.186952 0.075832 0.0373284 -1.10458 0.00253688 -0.176673 -0.0943746 0.203961 0.523404 -0.322821 -0.0481053 0.118831 -0.177651 1.11784
-0.0323579 -0.0474522 -0.446131 -0.273964 0.191281 0.21657 -0.466741 0.913238 0.44798 -0.137453 -1.02032 -0.223096 1.0628 -0.20884 0.78752 0.0945099 -0.0345138 0.106958 -0.436731 -0.00316697 -0.0078357 -0.65876 0.209737 -0.259696 0.0546662 0.270418 0.641853 0.343232 -0.201283 0.314821 -0.599032 -0.115847
0.0628618 0.174858 -0.727082 -0.275035 0.137537 0.119778 -0.152777 1.31466 0.451992 0.00507454 -0.750256 -0.209746 0.739902 -0.172679 0.540879 0.0829523 -0.135757 -0.0139412 -0.167678 0.0703253 0.166531 -0.513161 0.238707 -0.109235 0.05345 0.104034 0.897153 0.637186 -0.195754 0.190492 -0.59397 -0.226082
0.22312 0.0850159 -0.375018 -0.514077 -0.290772 0.205071 -0.431227 1.42372 0.568118 0.0515065 -0.814171 -0.157469 0.824742 -0.102665 0.747625 0.275812 -0.0611029 0.0457753 -0.277463 0.0450498 0.0744681 -0.526529 0.285261 0.183189 -0.198174 0.207202 0.587323 0.363755 -0.160055 0.193688 0.00865107 -0.0817601
0.183305 0.146098 -0.710667 -0.244251 0.0408787 0.358021 -0.417521 1.17882 0.567518 0.0466015 -0.977169 -0.146865 1.08286 -0.00487308 0.784779 0.0341899 0.117755 0.196879 -0.293187 0.0896212 0.192253 -0.567955 0.335892 0.0321682 0.0230034 0.130287 0.600892 0.367314 -0.141281 0.240075 -0.321352 -0.191888
0.130989 -0.0421696 -0.176339 -0.427609 -0.0535249 0.149095 -0.231627 1.2586 0.589382 0.0797523 -0.764878 -0.21925 0.627309 -0.157887 0.777801 0.190695 0.0070636 -0.0331275 -0.303598 0.130114 0.19335 -0.670491 0.186537 -0.0244901 0.0645169 0.0941626 0.533056 0.452874 -0.0912661 0.418382 -0.103184 -0.0409061
0.150841 0.0340177 -0.653227 -0.506737 0.180693 0.218748 0.0153666 1.32379 0.519375 -0.131257 -0.710449 -0.198633 0.601829 -0.424454 0.825271 0.0501659 0.227908 0.203399 -0.168674 0.0498209 0.0271693 -0.638949 0.361221 -0.0180334 0.0431003 0.149161 0.390061 0.460437 -0.132234 0.479999 0.0107659 -0.209249
0.124642 -0.247228 -0.695747 -0.343202 -0.022648 0.278487 -0.335671 1.31314 0.335968 -0.00868063 -0.886716 -0.112293 0.607596 -0.131609 0.752529 -0.0227877 -0.249784 0.106061 -0.298439 -0.152337 -0.152829 -0.284583 0.077449 0.0727956 -0.243552 0.242213 0.845542 0.649365 -0.185533 0.0425474 -0.0055586 -0.163759
-0.166516 0.160258 -0.489045 -0.510664 0.00623092 0.324552 -0.263079 1.0485 0.677612 -0.0855829 -0.8508 -0.303681 1.04541 -0.123657 0.577184 0.201767 -0.116086 -0.086347 -0.223848 -0.00951382 0.0619748 -0.60396 0.269953 -0.139623 -0.0736015 0.0447851 0.407037 0.340491 -0.0854385 0.200025 -0.18749 -0.144535
0.229658 -0.278886 -0.333108 0.0961132 -0.432719 0.14717 0.0830602 1.45904 -0.165113 0.00323371 0.892302 -0.0948781 0.63329 0.154989 -2.20534 0.00332779 0.270916 0.640456 -0.109835 -0.00905839 0.1286 0.99611 0.319492 -0.284218 0.795553 0.804793 0.13981 -0.46917 0.021908 0.0656963 -0.216812 -0.518054
0.173173 -0.390644 -0.276235 0.398667 -0.088322 0.325836 0.151973 1.55325 -0.161043 -0.0935541 0.73241 -0.266424 0.591125 0.199566 -1.26287 0.156619 0.545658 0.556214 -0.22199 0.0493722 -0.0383188 0.923706 0.436792 -0.0854999 0.486279 0.203316 0.0564363 -0.337846 -0.0743144 -0.173646 -0.326257 -0.723089
0.229445 -0.201428 -0.571569 0.0221208 0.060392 0.0466506 -0.0535161 1.72684 -0.279954 -0.123066 0.753389 -0.276111 0.949285 0.214404 -2.08798 0.200289 0.484443 0.762703 -0.279481 -0.0479184 0.190538 1.17697 0.227886 -0.282428 0.3124 0.268054 0.0811888 -0.29017 -0.130665 -0.27421 -0.141823 -1.01392
0.199238 -0.480405 -0.245635 0.180679 -0.321588 0.0722782 0.0545987 1.44047 -0.119696 0.02405 0.906688 -0.166321 0.390324 0.194749 -2.18423 0.20047 0.126384 0.78621 -0.0705279 -0.113372 0.0935879 0.970232 0.226181 -0.367034 0.586555 0.405203 0.288114 -0.36502 -0.00012125 -0.150644 0.128033 -0.436808
0.0724144 -0.390024 -0.450397 0.240219 -0.247508 0.236431 -0.178307 1.49034 -0.100363 0.0742196 0.853311 -0.0397383 0.589736 0.189745 -1.75589 0.119883 0.304311 0.584438 -0.262446 -0.153421 0.0687439 1.09401 -0.00942701 -0.108229 0.916552 0.350296 0.0398708 -0.56091 -0.0947183 -0.0654635 -0.269092 -0.906686
0.220717 -0.464904 -0.213505 0.0404823 -0.512298 0.098909 -0.120914 1.71306 0.00942592 0.0417361 0.869678 -0.270684 0.278349 0.0774644 -2.06828 0.071511 0.504183 0.356742 -0.124431 -0.215648 -0.263061 1.18186 -0.0586063 -0.123446 0.561049 -0.241753 0.0582906 -0.279066 0.138429 0.0634254 0.265164 -0.585473
0.270635 -0.467983 -0.273841 0.103196 -0.0932668 0.0835773 -0.360364 1.56808 -0.0157199 0.0648785 0.783977 0.0100607 0.351524 0.0620078 -1.49887 0.0741611 0.244939 0.329417 -0.146232 -0.00803758 0.0484317 1.01359 -0.155084 -0.263438 0.774152 -0.00216237 -0.202567 -0.435832 -0.00995828 0.0038732 -0.320517 -0.615118
0.367106 -0.530323 -0.453256 0.352256 -0.220282 0.34065 -0.0832734 1.51669 0.0526585 0.159028 0.682014 -0.196391 0.755559 0.0780947 -1.85012 -0.187244 0.174909 0.666211 -0.218475 -0.0289122 -0.0709905 1.0683 0.0993591 -0.251557 0.672559 0.259924 0.354547 -0.362511 0.0837942 -0.0300253 -0.0726983 -0.798648
0.082454 -0.358592 -0.578555 -0.651593 -0.318067 -0.053029 0.256606 0.728796 -0.372713 -0.0390083 0.577182 0.2132 -0.251889 -0.131463 -2.11577 -0.137367 -0.00254531 -0.124773 0.52643 0.997795 0.0718376 0.535701 -0.636441 -0.811841 -0.147149 -0.00757933 1.11345 0.541578 0.0166713 0.197278 0.0318062 -0.388638
0.123926 -0.264938 -0.468711 -0.0692263 -0.551144 -0.0401974 0.494698 0.516661 -0.320096 -0.0986326 0.790921 0.0697557 -0.238342 -0.0857599 -2.50403 -0.0524126 -0.203763 -0.0435371 0.35256 0.859017 -0.0262754 0.554735 -0.416795 -0.829486 0.318891 0.352986 0.892247 0.289937 -0.0362981 0.163716 -0.347634 -0.366516
0.182578 -0.43295 -0.593344 0.123605 -0.607523 0.0290067 0.591004 0.720381 -0.727751 -0.132993 0.816796 0.367461 -0.410368 -0.122132 -2.06277 -0.00654514 -0.363165 -0.28305 0.801272 0.500101 -0.00970602 0.2022 -0.993687 -0.93053 0.469583 0.0942731 0.33303 0.326442 0.140049 0.329787 -0.255467 -0.415624
0.130516 0.0689339 -0.669255 -0.248785 -0.214613 -0.161211 0.207318 0.846146 -0.655458 0.00619994 0.708565 0.293161 -0.457738 -0.219304 -2.39806 -0.308855 -0.249547 0.0698215 0.396856 1.07954 -0.0556647 0.590317 -0.619465 -0.680823 0.152491 0.176948 0.793344 -0.127033 0.0549778 0.410657 0.0739699 -0.0866798
0.0675384 -0.397778 -0.706841 -0.517169 -0.379678 -0.134252 -0.183236 0.631855 -0.353102 0.0454564 0.600018 0.20279 -0.510282 -0.0675926 -2.0298 -0.121743 -0.191619 -0.368822 0.428682 0.518903 -0.229195 0.388517 -0.930278 -0.794646 0.523177 0.314664 0.793633 0.0513248 0.0381867 0.243577 -0.00157348 -0.0817836
0.0520271 -0.399698 -0.51672 -0.358513 -0.373014 -0.0390426 0.410724 0.855571 -0.321068 -0.164392 0.620131 0.209483 -0.303628 -0.124254 -2.22015 -0.102053 -0.0142762 -0.0753231 0.491507 0.935994 0.0613482 0.646395 -0.808116 -0.865466 -0.0156897 0.078322 0.868799 0.145325 0.0990794 0.212829 -0.123532 -0.369309
0.146751 -0.291108 -0.541615 -0.563896 -0.344859 -0.231431 0.136144 0.70128 -0.29456 -0.118366 0.752775 0.217646 -0.295975 -0.164207 -2.08443 -0.103054 -0.186426 -0.330168 0.554616 0.997166 -0.0242748 0.242135 -0.743422 -0.678242 0.393215 0.0953248 0.823258 0.0967067 0.318285 0.307978 -0.339906 -0.270084
0.362345 -0.455231 -0.622668 -0.390936 -0.541469 0.00814684 0.192056 0.465849 -0.305903 0.147623 0.443053 0.272821 0.0904814 -0.225682 -1.96543 0.188203 -0.0775864 -0.487972 0.915156 0.641444 0.132763 0.333069 -0.80898 -0.814822 0.307481 0.429235 0.775694 0.298432 0.115159 0.437418 -0.347911 0.226882
